1111000011111100001111100001111111111111
0011110011001111001111000100111001100111
0000000111000000011100001000000000000000
0110001111011000111100000000000000001100
1111100!00111110000000000000001111000000
0011001110001100111000000000000000000000
00000111@0000001110010011001111100000021
1111111111111111111111111111111110000111
1111111111111111111111111111111100001111
1001100111100110011110011001110000011100
1110000011111000001111100000110011001110
0000000000000000000000000000001111100000
0000000000010000000!00000000000110000000
0000002011000011001100000020110000011001
1100001111110000011111000011110010000011
11110000@1111100111111110011111100011111
1111111011111000011111111111111100001111
1001111111110001001100000111000000011100
0000000000000010000000110011100011001110
0000000000000000000011111000001111100000
0000000000000000000001100000000110000000
00000000000000!0000000000110010000011001
1100000021100110011100100000110010000011
1110000111111111111111000111111100011111
1111111111111111111111111111111110000111
1001100111100110011110011001111100010011
1110000011111000001111100000110000100000
0000000000000000000000000000000000000000
0000000000000000000001000000000000000000
0000002011000000201100001100110000000000
1100001111110000111111000001111001100111
1111001111111100111111110011111111111111